319403352716
319418292908
319440874257
319455738759
319458268130
319465878179
319484389151
319532631980
319572314164
319589186464
319590608948
319613976207
319615248722
319622301182
319673405068
319726526641
319732290888
319767341746
319777168487
319815595725
319853063378
319861109822
319990011300
319999499147
320027087687
320029037475
320068822452
320122922951
320128829193
320180275495
320189734412
320245197847
320269464505
320271799633
320275468122
320316249079
320328555489
320332771523
320344207669
320365882258
320393581970
320427945884
320472070685
320489312723
320508992943
320520765969
320560030744
320571229441
320580475259
320601767080
320611839944
320631237249
320658943307
320690187660
320726676540
320760194826
320794739215
320812526636
320814871529
320824099470
320824445253
320824884373
320847693242
320847735614
320856475075
320864991376
320880709948
320894841566
320895268669
320940521565
320962321884
320975911119
321004860989
321008160344
321034105821
321035798817
321045365498
321049535453
321069352412
321069581850
321108573044
321118595319
321134464354
321139584026
321139775608
321143971966
321149410698
321169353012
321194806460
321204535120
321205350708
321207287699
321241337381
321311243857
321326228726
321336936796
321337493403
321353456468
321383387190
321383764250
321384472017
321385883188
321430539695
321437220374
