323731626913
323723683580
323655743390
323646556961
323628780926
323593133079
323576698724
323575254273
323526470080
323493936039
323487652273
323411376718
323410031984
323390287920
323378577517
323342182112
323323170459
323315475289
323257841395
323234398218
323229273926
323194659121
323184052260
323110017172
323082918934
323071143576
323032706833
322966285186
322772046353
322713163651
322699825963
322696103125
322681365088
322660492651
322659234729
322011696608
322065908061
322056512239
322349552317
322015621675
322290059019
322305939503
322296153162
322176786190
322078387174
322095708129
322114348244
322154604195
322077621491
322053804931
322633542048
322203418834
322162817112
322229229421
322132849259
322289764481
322216354310
322084813926
322402727591
322541488346
322273018897
322217280014
322355218597
322563460009
322636396129
321892736922
322003907446
321981200556
321689645635
321831168487
321676297960
321702925621
321909476728
321673569695
321678727618
321781515270
321712600297
321698247561
321920317031
321765492108
321824579139
321931856703
321721531940
321891025997
321951144484
321911676482
321775661792
321724187830
330079706085
332417897455
336122013728
336060015532
335944699387
334145064215
336124423952
336068323257
336067691661
336062026246
336035651420
335989280427
335941046931
335927570979
335899258622
335890355016
335831261253
335826522444
335825370961
335806519136
335803073761
335801648015
335790420463
335750983588
335742652126
335695721641
335685033983
335672939243
335646194135
335577762731
335528225711
335468839269
335452204882
335446235250
335445561046
335444502774
335440316962
335395137575
335394243703
335384583185
335335690481
335327475423
335323126565
335318599572
335311644262
335233142921
335233007091
335194595163
335193936943
335179869463
335178866302
335172194326
335121278206
335108487089
334964982516
334956116929
334901098713
334900211106
334855038131
334841797646
334832001110
334749159751
334746541757
334709685542
334680524731
334674000432
334630524897
334622349491
334605983131
334595044515
334566750209
334562544093
334555863569
334503700397
334444832683
334404995458
334397426359
334391990429
334383121312
334345776048
334342867282
334341476461
334336007861
334262790844
334260450894
334210702868
334197580855
334179224036
334172267153
334168961478
334144180329
334122891940
334054123102
334005547582
333963105834
333909358041
333901020915
333877788000
333873504109
333869709716
333867979098
333837648870
333812034742
333804611456
333733836364
333714782727
333671997080
333659600155
333627084994
333625170279
333599822815
333596702103
333477902899
333445570518
333441336354
333440821165
333412757249
333391340005
333376638035
333368069526
333351573108
333317322559
333294897255
333289623982
333277252071
333255216071
333255099445
333160927840
333107631274
333099158605
333090619426
333046082045
333041477006
333028635115
332936927251
332926615045
332894352379
332871119025
332870028960
332859342469
332824189624
332792647553
332724862801
332672033476
332663092895
332603628108
332602217938
332583140973
332581399373
332571795666
332564801725
332509211831
332490866720
332479850443
332472588695
332461480825
332422827638
332415652063
332411156428
332340550304
332323136907
332311617357
332307021175
332282522629
332272877500
332269775482
332256612592
332233174679
332231952514
332219200293
332216217584
332189835341
332147888969
332132199551
332121592288
332119283754
332116538932
332114988104
332093568847
332026392358
331979128441
331954060803
331951911375
331931037736
320814871529
331908288260
331854532127
331805928993
331795579670
331789824878
331788193029
331773245849
331735272555
331730051551
331712800108
331667442064
331662408102
331622074873
331542789239
331529311132
331520233013
331517425209
331515903570
331461319722
331459588949
331440047851
331420085460
331372994469
331305684665
331305108659
331283144540
331276828983
331233540774
331227070591
331146696759
331138505595
331127516847
331095905452
331080791923
331068052398
331047057727
331030998006
331028398153
331026899409
331015687512
331007806549
331000680863
330938864673
330917706642
330892625709
330830978928
330825972917
330818984538
330815421289
330815405593
330809990111
330777823855
330771872316
330750448624
330744659142
330651161387
330648313591
330648108852
330605929872
330592722081
330548596124
330545599456
330527932134
330504295856
330499217482
330493095925
330490009581
330435638302
330397401419
330393906093
330354441892
330352151700
330344575569
330294664429
330286150039
330250906648
330212239890
330168712867
330168352599
330161459493
330145005227
330138065153
330136562982
330126544714
330121524896
330083112520
330067336393
330059283773
330049824351
330045999107
330038926585
330031980690
330004272333
329919208322
329867863963
329774676755
329753476703
329747151449
329713611489
329644323444
329620608770
329608374604
329595843657
329570152347
329568011793
329501475927
329484017442
329481422768
329479185217
329460044219
329454832174
329453131087
329450914300
329425079881
329417055824
329389852223
329300915099
329281806096
329235787372
329179857070
329172607047
329153706790
329153649219
329144742219
329136227502
329126944952
329071030151
329060425043
329048036490
329026989923
329020985778
328989649226
328963768141
328953859019
328942031259
328926423872
328909897331
328907960334
328888641758
328785864694
328780754853
328710179985
328700396385
328697973590
328664829400
328664663622
328638772954
328609241038
328606678677
328584087379
328514219436
328507690594
328474657415
328472188997
328470987387
328433124248
328432247047
328421526061
328415310522
328389566871
328375301363
328324843500
328303282689
328299151709
328241228398
328230758783
328215306824
328143581867
328139074694
328129250695
328128014076
328119303400
328095513015
328073188839
328072520807
327964135310
327947371803
327936180294
327918763897
327900929478
327793209961
327784530456
327778799982
315354144257
319335321880
315517868617
315111743570
315710780440
316505240835
319381581368
316578873503
319347169203
316510547783
316471451150
316371783801
316299558147
316210048832
315558631133
315089539106
314885630727
314864286457
314814025143
314708236839
314680397252
314513805145
