0157461689449
0155522746766
0146814040099
0127934685605
0125707082774
0157126805788
0187039906005
0176882306599
0177951745608
0187148643358
0186535579508
0206207683057
0186154776906
0196488235475
0226193270093
0225282482843
0226228269047
0235960741872
0226909422730
0236676507769
0284691735025
0287296890786
0282473215130
0306379560740
0315671270202
0312420825560
0316803591844
0318306347744
0326614463889
0336442270627
0326319354963
0356427771673
0336514643922
0336583144726
0349185627092
0358451997098
0358305314354
0356820825560
0359716428852
0358489275502
0364908009573
0358532880745
0364072487092
0365099300272
0358376029683
0365879017727
0378105624897
0388930141155
0397392664881
0396953966648
0388687214423
0397392654103
0397392670844
0403689251747
0397631418800
0397496211035
0397392669152
0406378578460
0457286193641
0451832732650
0454013236251
0498642872411
0487237420939
0472360185947
0601090893307
0612741112500
0494463415929
0603000011801
0614738782062
0619421938269
0607036836681
0624655442680
0638914250763
0620259651466
0621599430780
0661410171805
0684715858547
0687436680060
0664678405576
0713859264928
0684250917136
0645651231146
0751246893115
0697347470179
0731058469210
0769873495893
0808083161249
0846296324792
0809314562705
0826573914489
0769100408610
0850852555285
0871115539668
0853668715324
0791000816714
0864189704810
0872541396023
0868131238231
0933000011908
0944000011751
0973000011287
0972010011775
0971600011577
0926541837106
0973002091348
0970000011798
0973001001270
0973005011831
0970900011706
0973050011961
0973030711355
0973008011302
0973109011331
0970900011669
0973060411294
0973109011515
0973100311386
0973000011454
0973300011871
0973100011941
0973002011841
0973390011447
0973500011886
0973020011861
0973700111379
0973100011620
0973130011485
0973710011522
0973700111768
0973208011454
0973800011951
0973300911478
0973710011638
0973900011592
0973700111546
0973900021935
0973901011683
0976000208206
0976100011782
0976000240206
0973802011423
0976000208046
0976001011492
0973800011821
0142638957407
0976100011812
0973901011461
5006221953076
0976100011720
0976100011713
0987431650274
0663463463487ss
0556432009871ss
0098765434543
0007765437744ss
0654567898466ss
0344645275653ss
0987656705544ss
0987654535044ss
0987654569742ss
0856990234914ss
0568745731455ss
0098765456767ss
0987654367126ss
0787654334704ss
0987655677613ss
0535635752104ss
0534678445745ss
0529876525665ss
0887712309344ss
0444090984534ss
0956795796775ss
0273848332972
0274266461848
0164002929247
0277209689378
0274389020632
0274119839244
0278078734800
0279498997851
0272594765454
0291068106630
0301370922382
0311065591489
0282135380800
0291375025938
0284246424695
0289371493431
0296845173904
0302889848323
0297610223725
0282122135789
0305980403941
0284037949529
0284609135725
0318282131016
0299571849464
0301854427426
0298761950812
0314503740579
0318253531562
0287434923833
0316531714997
0323328923753
0307839212704
0316865810341
0326076541996
0315201370204
0315956977086
0311283848778
0331625905853
0325488298504
0324719677637
0330721075286
0333051053108
0330763908351
0331444766109
0334292414338
0331881486837
0342391204941
0342420150270
0331880054228
0344261249090
0342824815348
0334893734866
0344918856022
0340739453648
0347352180630
0351488337554
0341548971354
0351982076447
0350961097121
0362469061719
0343322271087
0359105442452
0364002929241
0363252726167
0350395379367
0670428519363
0779150888683
0831900769823
0814801043995
0712492701012
0793573122520
0868795370254
0841045027696
0902000011744
0886087088861
0953996175729
0965172804385
0917257538500
0663939953771
0957292639442
0955941281554
0981533461493
0973130011645
0385437040882
0386226016293
0464510574305
0462416778773
0470245621061
0465212896795
0476542011055
0474503269057
0472095245381
0465529221143
0469840599752
0465895162965
0497948586312
0466836348646
0467926087216
0474452268033
0493083624599
0479639767552
0497816931183
0495182629598
0661869201672
0649266447084
0646822114770
0652264945285
0678175021979
0672712957592
0697312882754
0685465876560
0689800017366
0700433260513
0736674272947
0722886692765
0726317811039
0812333374945
0731574935978
0814213948352
0738592853727
0819904483174
0819522581740
0737267953694
0820556928616
0827131832115
0823065217882
0810159485784
0819225278619
0831200246741
0838318561919
0831831345110
0824384832121
0829496510448
0832635230251
0843538292222
0857438924060
0859134634793
0852372492538
0850837113264
0735179547574
0290434399218
0463182079538
0817364520989
0875925124861
0973000011751
0973000011744
0345431620152
0348940594730
0312354101730
0305841835720
0352998191957
0328583765506
0345001338913
0481355681968
0350157928390
0466470197396
0318845612464
0496322418812
0811506386914
0874679269347
0821854179144
0888632016046
0876513778954
0842592414243
0741566799419
0889752759462
0872310904299
0893464521439
0100571799966
0882900905421
0888312406501
0881464978599
0100193788652
0887895448946
0898026421271
0891264425780
0895783081694
0100753856494
0100838483287
0100042716768
0101256414105
0100583155699
0101262130761
0100623626141
0102057721164
0101152324041
0102305659577
0101357378610
0101334713298
0101729517234
0102422039047
0101758824570
0102445051880
0102482047525
0103560512478
0106603939386
0915469444664
0904079375444
0918041334506
0903310087870
0921636152799
0921834339718
0903659366520
0926452201317
0931505745939
0923052614141
0904158107195
0941419867146
0934664727556
0903237077466
0906217125874
0938640534220
0935577608628
0906490829711
0908709689598
0943646949671
0911641689625
0928996653782
0909290453438
0947967484590
0937704914695
0944187961924
0907445565845
0949740949388
0919599729172
0948237913031
0943956315173
0919640860359
0944656037389
0927294323458
0962026903751
0925642632733
0956131430622
0934091081146
0933593064206
0970132953652
0925624162142
0936204398721
0977814235495
0934313138207
0942400652000
0962933158909
0966323835029
0961565791683
0981577304961
0957069455664
0963669437245
0977778511741
0966481452373
0981968311349
0985575460827
0988050489054
0995897243749
0998474173781
0996935667572
0987423328969
0997099198964
0996593303652
0998585715818
0997221704742
108358764206
107972823313
108124356765
110383385424
108790559262
108771483579
111279208650
110272680173
108824432271
111101626942
110555162044
111434657187
108390014130
111516093315
114113668900
111161976698
107930410302
112633467560
112168651496
112552753683
112836722336
112160223493
115165758618
113076764568
114441329771
112392271705
115073947357
113670789950
112368368668
113557589475
113033627028
113030938240
113097016615
115851554074
115582020718
113090417518
114241014686
116339291863
116358191465
116468682631
116638078875
116724395237
115828874976
115334105205
115613477245
127005569827
979109437720
100438866572
115985533303
115403398347
115906550112
116136241436
115954572166
102555312994
115669760681
115040232141
115866769258
115343123597
115043998280
116129152350
116537278291
116151028395
115378077452
115194052404
116488607072
115270756356
115880175981
116113316577
116711616826
117180134965
117038491738
116828610977
117256265593
116484646532
116201657230
116545162506
116680164724
117917978107
117286288258
116842772521
117472161785
117530460744
116361384663
116590920830
117797351984
117395088831
117558180891
117695172018
117622722354
117586576055
117723149135
118076145409
117786153995
117797386955
118582500464
117661334969
118369574831
117425503044
118229461639
117829835802
119204221866
119128331207
117434023410
119193031811
119180841980
118481478703
119303077609
118311915071
118924282379
119257534005
119431642656
119570130427
119586278779
119635932379
119710555240
119672288392
119917765633
119919600147
119968439965
119734999952
119990384868
120034518125
120274060088
120012670739
120011165694
120225993311
120029816052
119997576631
120210319072
120092133254
120141380165
120699969638
120383577903
120700635583
120667646233
120498241331
120230563127
120675825187
120956524600
120753221252
120459737637
120743209673
120763407028
121257414645
121061685842
121196492308
121830433964
121454687408
121716751212
120857509430
121552121156
121752666211
121820704166
120835145551
121488260868
121006965336
121469793736
121318144542
122304217240
122295062607
123472521139
122095001295
122014448682
122349849611
124037232583
123472972436
122894128698
122988664491
123024346807
122655966040
123719390924
123477955281
123524512016
122985782006
123040553920
123808664691
123110760562
123930190525
122671814967
124055002755
123977038682
123708066731
124059210330
124297739730
124235091135
124226080872
124224132061
124322352477
124155962973
125049051902
125284613651
124526655299
124622083026
124445689252
124727556722
124593069968
125281648847
125447007563
125125049793
125027772072
124719248482
125459143617
125477770505
125035323914
125605982633
125294401897
124953531159
125804930695
125609747337
127029892383
125671209368
126694515443
127207960781
127116008147
125967660583
126527410952
126835929511
127249257474
126185654729
126609414816
125940116298
127139812677
126917400839
127445753312
127780077012
127730108810
127883296150
128082501328
128051217229
128274232276
128357813033
127804204493
128964845328
128661173380
128147313989
128520137577
129077440233
128526907464
128008750595
128778347131
128846653553
128191144652
128757044990
128560189581
129559734164
129120684874
129422569817
129842717256
129544771693
130416633292
129595981966
129905909604
130519837375
130970020736
130137704783
69-BF-GV-XZ
130859785411
130914851631
130960995785
131749907234
130763763734
131824796456
131066135594
131841385114
131844011577
131837636534
131880499049
132761459268
131862161643
133475331529
132063269022
133835857607
133370279513
133427042640
133409809025
134028421841
133145370940
134013271307
132989230373
133962950011
133933673789
134483345683
133181479706
134653635279
134585532363
134546425345
134616831588
134734312167
134754740773
134961571191
134820495903
134917101908
135317282105
135172553747
135408315224
134896806559
135801842693
135813503377
135991753809
136093575962
135959777304
135496997821
136539396519
136405202999
136953037159
136315058891
136685129535
135953800503
136750794057
136285661848
136459069227
136874680199
136369668114
135545923542
135495888717
135873817650
138332152194
138310971670
137835234994
138177128217
137649243113
138888947404
137376435362
137752371116
138389574451
137512014369
139056063018
139079693797
138232633175
138182513862
138104055425
137602221233
139492315115
139686491595
138627796805
139494446015
140007641865
139442103571
139876062918
139964561668
139991403610
139324436513
139635593776
140384149992
139582878322
141222577564
140813634761
141712987514
140732429851
141952297435
142071531899
142564101615
141248458304
142802664162
142155366690
144041155333
143714465182
142967884320
144115523242
145646349448
142354801589
145779577671
146701902363
143774767752
146676491183
146384023706
146877439212
146680463534
147532040507
147572022785
146452170011
147179011885
148212322609
148323238424
147319399569
148873482810
147948916526
148826520200
148974305100
148987707304
149016281444
149245826607
149403703443
148883380472
149503335681
149749436258
149470692282
149664578170
149546681868
149848038476
150530450087
149773516698
149748304565
150573488238
150530467061
150741231192
150564850433
150911729672
150526904990
150826369277
151038910103
150797605824
151191010764
151871131994
152239831754
152433325677
152009297810
151925654110
152101514624
152180886872
153344576189
152193765072
152225194900
153354483002
153614658812
152518370585
153671259595
153874583534
152807937826
153164077378
153765573712
154094804478
154315100501
153747481356
154358922993
153967571967
154488690199
153602914692
154438831184
153935598231
154349306412
154317507353
154829246979
154607908310
154373056673
154378419084
155021058865
154785764944
154609245826
154451475747
155271760327
155084095487
154666579315
154785283957
155255108879
154991003387
155224586066
155401426352
155379930493
155309306688
155071925964
155553195892
155406563113
155185923528
155558223354
155663388009
155514960286
155581540022
155487861382
155771004785
155598861851
155840880111
155849173863
155698725428
155755081856
155933906315
155729348664
155874971892
156003519725
155701463804
156139118410
156091598114
156299361961
157333097891
155843943684
157439850277
156123652739
156226989022
475212544626
116380345041
1234598766836
119513383699
116357061790
134847175192
126142487513
118138670016
134951821664
147864143013
149719872864
143006073989
146004867666
741072288445
8673477099208
247463034368-0015
247535184779-0015
247563035340-0015
247563925580-0015
8000002161657
5006711846697
5352721966963
8806084493019
3769253885082
756823049817
0001234567987
5009634240450
5055862338667
0663296421425
0850041963150
0000094600247
0002345678302
0197532685277
239874657489-0015
390987129932-0015
123322897643-0015
939882667714
939972143005
941662502160
942275932252
942656577904
942820145977
947175766372
947218926206
947448077167
951813751057
955514934641
955549961032
955720389594
956499608107
