# YRA to be deleted (01-10-2026).xlsx - 1,401 SKUs supplied by the user 2026-10-02
984617420171
985015539724
987499596491
987955963102
988204386239
988263027807
988507909081
988661813453
988965229509
989138570503
989141730772
989850911202
989923331708
990217783561
990359706015
990433145808
990485012387
990584485648
990839035703
990927333964
990937197150
991072042497
991173901037
991330095357
991503710797
991607589374
993034209924
993520193706
994604253743
995049798455
995966233527
998243208645
998543574976
999901749487
602341122979
608793660045
609193023256
616815518311
682013213792
714950615664
375177199063
640579149900
729470886623
210365339626
209617124608
419857686525
655784881958
838626165007
682289971402
305636905584
461850774730
767817260743
949498849565
296795174075
675552664514
244350078054
626705157018
340823437585
223194334441
787790774020
942847544845
298504233479
783014990405
686320353905
195060051922
964825752394
489756344604
105943747729
603642177606
356115229981
944366953429
764628858909
900074836188
983127568540
712172850849
176431198422
612717032245
615650653829
733019213283
967160680094
844830478901
644527971667
730849956106
936314957610
917925565029
834219401866
905666961491
251795961483
295348174173
641623183635
977538180750
777336360008
271472089583
289259524585
662599982725
745817010032
205933013534
334736263331
389763295046
410024645895
914337862685
145817446914
606245549788
327293750246
960098524713
195474917760
834763791352
118536630247
834473418587
117845818230
769696012710
827440873960
677205810262
337186402862
783439202664
230229343279
496108141460
470289448686
383889750564
209135205353
685934455340
245322253868
178044686556
879829886443
822423590704
693727360962
758468848824
177512072853
220564088751
182549477922
182675756502
182822004593
182885275121
182889880741
182953290612
183005326761
183237708076
183327760830
183590853710
183899478935
183932671682
184265502353
184797736813
639035407234
443520954895
717611172643
705229202548
835105333148
675653083481
766754231571
628053642543
850843111940
682853247483
186004778388
186008614163
186156821659
186180895343
186234063919
186479213896
186499614185
186702009968
186920768241
188090193342
189433633129
189673216137
189753261552
189760738429
190075717283
190188132812
190346876831
190429789294
191627648055
191680709946
191773828660
191981063709
192011800516
192537190344
192792430407
192854606955
192891757931
192900540523
193098531515
193193256047
193293600887
193359445049
193575247274
193595710550
193597637305
193608606061
193618297655
193629021072
193631927751
193704000190
193746780852
194050826465
194142782600
194207931950
194347136567
194357722347
194500094116
194538614126
194856577691
195185307669
197114909296
197424804571
197501043268
198109336769
198136344652
198268706113
198440509525
198459454847
198495790640
198700779866
198821329520
198867752931
199466197871
199731595265
199768158761
199889444224
199989258059
200187422613
200302899313
200902492907
202682164654
203023167471
203271672949
203354961304
203573220381
204272586297
205178918250
205422758397
208448562535
209353215905
209549529397
209601886154
209769295058
209769370670
209782489182
209823608336
209824285727
209843165611
210224040502
973000011881
973000011904
973000011928
973000011959
973000011980
973000012130
973000012161
973000012284
998147168458
377109824258
109172062196
619573228164
195673842566
526794318409
970381624754
372259786128
423602434972
432102535850
456050650823
459282441092
104104669870
106337815024
106410246844
108553197762
109581290982
109596496416
924793358806
113633151848
102832910233
105087725416
105219038537
105377774421
105425723807
105555038956
105883414224
107245093528
107350069890
107352692126
107509023490
107921496629
117789759934
118361528283
118702634826
119730493751
119850392965
119933838175
119935251644
119939231833
120094999773
121129582786
121385461948
122084481534
122159660130
122293894385
123170115821
123203835986
126311343435
114931592555
101412024544
110727640219
112907933937
113001850748
116130690308
116538860358
213020630465
216355414243
219997408748
220330267496
221262212189
223996509573
224700609619
225143184428
225181123373
225486092206
226828772749
228439795582
233089200539
233573633409
236049851796
236246531286
237128963393
237942291986
241445134176
244442037938
245514828621
246163034913
248272111899
250209157245
251028929891
251727583370
252210565828
253025505818
254474108421
255692690446
258284178926
260793114173
264486684974
264881456565
265635991875
270089609207
270972637133
271310073378
272427990404
273356084936
273497696418
275038621033
275813405919
277474205013
392427077476
400529455457
400918478555
403103732173
409558548710
412019611144
422981890928
455677446277
461047148849
464672187146
468149076506
470192124806
470711344265
471891486059
476109443466
478010435035
480453658476
483463802723
484880007265
485330557156
488206224282
490402853852
493906907335
494744905804
494812189846
496926124188
497684448141
499004420189
499225022209
499489161119
955374322671
960451091661
961096169562
961767637215
962876211372
962951469926
962993384423
963210837333
963302803932
963314533742
963670496828
964079421800
964110254190
964164368249
622374908388
624415096993
625018364410
629966317177
630827901671
635281579367
638176987667
638409950307
639118163927
642175547142
643723467844
651600815121
652249323138
652561259023
653623483257
655588955657
656717587145
659538522661
661833357671
664886582441
666185627472
668599760103
668919516892
669073576456
670275541685
670584645531
670841835422
671483544086
673929210364
678255928112
678435466397
682276335354
684848015442
685052139504
685296509095
685567749021
685606072608
686173452244
686343058368
686421395163
689275452181
690026903685
690950249934
691554574507
694161575400
696464115062
705744748071
711610126744
715518625019
721164856226
721661888027
723825314045
724918333660
725382853647
726200459607
726584324164
726603326643
727117947225
727678315761
729534581419
732001879582
734921448442
735579880691
735678656128
735753231127
736035101664
737314846047
737666547852
738241820544
739456695613
739645732143
739741810172
741566485220
742737536529
743651956301
744182547082
744456751252
745609741793
745664527950
746265319678
746335533270
746795947884
747553189003
748179754743
749061513455
749938981998
750696387007
751004190791
751193978095
751243052584
751421421621
752560763252
752752630034
755175085610
755292035376
758240205043
758350050731
759196560002
759616766151
760109577888
760574285196
760882472561
761657143624
761907627829
762296336378
762793070928
763068101132
763535960729
764331605074
764722076728
764966908748
764975380719
765912125523
766418277006
767360090941
768119600756
769649765205
769723037495
769963740568
771348883067
771402771415
772307864561
772458548792
772702782262
773047067786
773565117703
774107545428
774170566658
774349656678
774485742778
775007550086
775190504675
775330430987
776149848628
776460249036
776632641743
776994878467
777616417699
777626938245
778638787197
778692476266
778828629696
779175788814
779719651369
780366857110
780731561345
781179204948
781207895704
781913397776
783657627928
784264927418
784328976604
787078370395
788115218083
789695649816
790417681021
790636989045
790875616177
792065948259
792288498869
793265378488
793497555763
793800183980
794911382019
795769090163
796306601507
796929299662
798152825571
799172148350
799464693193
800011366894
800208537144
800717926118
802490509717
803306078366
804495613161
805237973581
805603509130
805774516227
805939836085
806413432939
806980031528
807744853851
808980092578
809691672547
810370449510
811490552739
812233863136
812401968403
813065132469
813156909994
813645750632
815232288900
816518791916
816937593009
817307470470
817432345926
817509517690
817680652319
821823833015
822686635952
829778671409
830007487081
830162302144
831290718241
834403609290
834757317698
835247300343
835603578683
835880459071
837201831610
837453529464
837509509815
837849658976
838073632626
838825249362
840821581629
841157320029
842297670357
842443335673
842963042211
843177205362
844345721875
844794422637
846039409861
846136861982
849359274492
850825545299
851007868953
851240407919
851573612691
854449775957
892513320900
910550644794
911477471258
925845570399
928714306907
941227546905
990511544790
990945180892
991971443944
996363323675
998570023164
766587899900
965632249985
965752926780
965900803963
965956292629
966340738174
966566251747
966580919548
966584378419
966886357822
967665239865
968321394508
968329370276
968851755688
969618972553
969869142323
969894928541
971114107094
603186547637
612089799937
613914801238
616719744113
617891036348
618649612128
627526054784
630358241093
631408778774
633577995105
634359246149
637480323062
638105024135
638394248472
640590309420
642534716233
644559506929
649751789309
650341134225
650839273399
652705367867
673428767055
701317004285
717977093507
732209581218
736186466988
736370073169
737443539735
738050253922
738063804975
742119642596
744228625736
745999231171
747368178414
747754792507
750234063172
750460463043
751404361678
751527103940
753469919436
753977248677
759921544239
762045585613
764157578484
764235982851
765207505504
766277101863
769053029375
776071394583
776710082697
777199061265
779836502896
779967748811
780353272414
781175127531
782010016782
784009915830
785970994466
788359253772
794048347202
795851219427
796462074313
800265810792
800290794760
800811873783
805815773008
807129957518
807568310158
808085232589
810010959027
812260840957
816172073472
820203223064
820874091139
821271070062
825944527778
827328887324
829249314057
831112846282
848818369106
848840565774
851967841355
855111805620
859837582681
860060530301
862063081408
865681049270
868710153597
869918897733
874248871179
874347142750
881577193513
882066676289
892821621546
893755076273
893890803727
893925128634
895185997319
895262385718
896672043151
900151006473
902650943549
903304320334
904369387713
904494631088
905844702953
907309687409
909097765543
911788516839
915242384699
917137408206
918826876801
919086226658
921460044642
927962615915
933959506203
935553208484
943546184295
944548462060
947481181173
952586210666
955337640316
957983862845
960061256559
961309388551
964426017564
967460419073
969674517989
970357550650
973026868148
974781211934
975614621265
976132451679
976190012461
979464991035
980278646547
980777706742
986075623699
987291493585
992451250403
992676196197
995660784738
996806021281
391829050278
394508444528
395941070312
396374649885
397470642275
400344021417
400983204943
402838603840
697810300712
400605777664
209483319894
740542648796
692749313390
922721691568
640041394784
142935776428
492900215996
709257218007
776995797750
139736213955
839729744236
305080328472
243668475371
831045945748
128345972391
941782292712
811542047138
213469854521
135149625170
999249992606
266265931002
664838789539
760722592053
712159197165
382922659789
607406641068
161465744950
163306416828
655376137180
905891449313
490376400557
239887060382
366630377340
178096114656
121889104785
265354688766
687010216111
405707062434
173396366507
907172599748
205939804051
222890090583
378102150030
271617554150
213193260629
206004171603
631369814412
631326762862
335292437327
222068933674
411200158277
676108348209
321835807184
463121498918
398320506433
206472955828
175907679458
461254391953
103345386782
318247028757
795678344142
113862500035
355460297607
726355852513
678351714701
278357605289
272070463768
637857753140
329632373901
348065166041
941756969152
184694108089
116559697773
214587648993
720856411965
212754794436
136256261039
416162544922
667017675180
732079180030
723391412145
214877609215
138223739558
442475212654
669175280282
218994661217
113492628390
434978808403
236057881990
669288027798
220286224666
116158678050
655376131102
445276605120
486910180139
364383834981
220629281240
221320669115
199811784053
485592346673
281154549656
760151230571
155345525340
601235717017
225375357584
747712873712
225850808884
226758596682
662528201521
264168027631
215335921436
764897288629
270986707747
328815070217
751530829219
273808588661
419982726523
986759583936
749468776507
234995428406
311621551308
756326449466
393950873993
466739539943
669845984434
237932636469
268750386595
704895058282
227097541081
238798067046
244875610692
430454448408
425542209283
151863689731
239339355349
229724259710
246742829244
244205549203
711757714828
624263779529
174788548723
742561304516
688673173254
316523078458
927890960965
422072793237
368716168569
186886230561
246740339295
908065954828
693523949682
206899376435
922689648703
946684323038
952911992304
193286944448
740133089496
385194747895
227143593521
943625218118
874749594249
723326741401
808303964704
751994781184
819768111688
855523769190
183206608130
799227186139
466522684881
253524410224
183041154113
175391220181
747059104920
165683334306
901347755519
733981086847
740275826799
938615790309
318810529087
952347373562
817166208450
829848860337
172061790630
422610943650
187564700888
917506516280
183769431480
256869644965
330370042899
991080776513
788722802453
910206783952
894997118332
287566850588
364055901249
399859503429
381195333938
947466452625
222493172907
929717862858
955773805621
195200903470
425669833941
956189833291
331414407216
776619682288
735773129473
604648472481
957007398329
887667921813
704032141907
153152329205
819339022351
944673038703
919268307502
162584919519
329513524910
770569583350
969572235862
181314784395
772389915366
826741700333
808237343224
808817418724
160484759211
963329114790
705480983958
667629692131
824830411108
696184323419
247503852174
201432010586
606871859527
960300717759
852240464919
740020638967
471872006405
374613975124
708193846428
805396561643
886108760202
603380858577
418368437817
461154267419
424293305039
697247193918
827993470142
167314696999
901658508149
287073792784
839517009875
218012068929
818119049861
741317803556
427484395505
416894821353
767125241502
953635864502
224319336371
646496932113
925697774235
657041873621
645003847544
640948931877
907473756024
369803535295
775884449107
232586167505
450777818115
817944593846
914154288637
915710881521
847449969259
916405145270
748365146901
933475474369
469865608767
335696627539
206712515669
809321980585
825155835150
786176001996
929161451813
969079614757
901179373332
457335762392
454450220158
208805515907
193566265652
800078488676
132659297279
833277547486
919480498439
923006609223
189320074493
924287051589
938743637996
924998389704
141461576939
665197711797
433735202843
821171043890
820050830873
737556057218
341446942555
926436434649
633592790297
927453565590
244202337346
166552416918
230637421750
787457521707
715983933121
962234545873
453787360346
928547949562
279328273452
463149095588
664453228406
668530810379
612193281823
208472570285
351804950986
961018075537
935796860463
785832830932
418678417608
949814111666
681820530153
821279662337
169853790770
412983193523
663084150568
455911432530
799432990071
853456455609
459361246327
642628916099
414552547409
600491159272
792278296765
815417713555
385047568158
708749691120
227582331722
935870615934
468015519496
697686053354
473996754286
448821528493
151962664851
490255805695
693730576756
669070560618
797734718997
217192712493
698982809096
975266128815
200878389638
670147647873
467738629833
932944232035
936840283122
662345038850
430981907645
745355698525
222903959692
224902729276
627244501942
939266965689
981245160714
462706358661
683911265579
451375892521
468084766708
761819770866
763003596702
944583744527
856382467098
945056257421
353857774403
643751778554
460151785650
712433652960
968518342626
323323218007
700890692827
945089756618
810226042100
222662729161
656085073042
947055709512
790570023881
789519492116
920412301482
115047399946
347409431203
202970851082
842916558479
792274186893
411444052676
340356187704
653897008156
655410178407
950421402634
296554625787
367903119186
953780297651
114577817593
690890405940
467125341683
816690761769
235540404425
710129485526
330556274861
213570052724
214628831728
215286821809
217083594351
218018020327
218782562467
218817346086
219695927701
219955418970
220069664924
220119428582
220284048974
220291117526
220375475641
220497402099
220736090872
220756548230
221781025048
221844148554
223184828783
223386677516
223402383728
223507079939
223627293581
223942517454
224209053081
224243173363
225272446220
225283509433
225403857215
225529224533
225740711843
226480603092
226717603895
226767247445
226778452647
227051496433
228129068538
228218499632
228667406243
229606108235
229619125878
230050998518
230129847099
230207789198
230217014495
230234675389
230352863651
230369253223
230648963720
230676326849
230795113474
231029995330
231044921789
231091861342
231347859512
231353214442
231434019355
231979230673
232100883720
232618065182
233379230352
233876454602
234257810710
235237733531
236394551167
236489873853
237289166145
239122602582
239143552095
239147084806
239509426404
240424581635
240788532052
240966851494
243791657217
243906583417
244111298486
244622303761
245353743918
245431695658
245509458772
246653203270
246730361008
249284998201
250162045443
250968478551
251601436457
251671305912
252299152940
252348473873
252880687363
253196542469
254148625520
254316848867
254327362819
254463227652
255338838034
255689469758
255733370863
255923713999
256255656411
256291296398
256294343877
256366568320
256509771426
256915395193
257452014707
259348621037
259399098536
259421369542
262453015295
265371967752
265867906685
266162315394
267773068679
268043860757
268987563028
269282412875
270581193884
274713509604
276072201861
278512764561
278837788426
911300503491
925006645478
170848429087
171025938279
172447163393
172958869784
174353712634
175117835194
175303041842
312090641781
312170460790
312327471181
312579278477
312833622343
312855671954
314200005742
314245773163
314266354907
314353646663
315339028060
315905056312
316674844452
316868393087
317483301723
317701238398
317952873423
318557390223
318619490557
318712736033
318798418991
318876193697
319024718427
319565940554
319720205597
319782479424
319862706365
319909576524
319936215250
319939881148
319971745842
319979660642
320227458706
320228674280
320231604175
320280087653
320307817591
320345586732
320394209354
320754566851
320830273376
320913498511
321054820803
321181195263
321245055687
